%YAML:1.0
---
Mat: !!opencv-sparse-matrix
   sizes: [ 512, 512 ]
   dt: f
   data: [ 124, 510, 84.1968994, 511, 84., -1, 125, 503, 84.1968994, 504,
       84., 505, 84., 506, 83.9844971, 507, 83.7875977, 508, 83.5906982,
       509, 83.3937988, -1, 126, 496, 84.1968994, 497, 84., 498, 84.,
       499, 83.9844971, 500, 83.7875977, 501, 83.5906982, 502,
       83.3937988, -1, 127, 489, 84.3937988, 490, 84.1968994, 491, 84.,
       492, 83.9844971, 493, 83.7875977, 494, 83.5906982, 495,
       83.3937988, -1, 128, 483, 84.1968994, 484, 84., 485, 84., 486,
       83.9844971, 487, 83.7875977, 488, 83.5906982, -1, 129, 476,
       84.1968994, 477, 84., 478, 84., 479, 83.9844971, 480, 83.7875977,
       481, 83.5906982, 482, 83.3937988, -1, 130, 469, 84.3937988, 470,
       84.1968994, 471, 84., 472, 83.9844971, 473, 83.7875977, 474,
       83.5906982, 475, 83.3937988, -1, 131, 462, 84.3937988, 463,
       84.1968994, 464, 84., 465, 84., 466, 83.9844971, 467, 83.7875977,
       468, 83.5906982, -1, 132, 456, 84.3937988, 457, 84.1968994, 458,
       84., 459, 83.9844971, 460, 83.7875977, 461, 83.5906982, -1, 133,
       449, 84.3937988, 450, 84.1968994, 451, 84., 452, 84., 453,
       83.9844971, 454, 83.7875977, 455, 83.5906982, -1, 134, 442,
       84.3937988, 443, 84.1968994, 444, 84., 445, 84., 446, 83.9844971,
       447, 83.7875977, 448, 83.5906982, -1, 135, 435, 84.5906982, 436,
       84.3937988, 437, 84.1968994, 438, 84., 439, 83.9844971, 440,
       83.7875977, 441, 83.5906982, -1, 136, 429, 84.3937988, 430,
       84.1968994, 431, 84., 432, 84., 433, 83.9844971, 434, 83.7875977,
       -1, 137, 422, 84.3937988, 423, 84.1968994, 424, 84., 425, 84.,
       426, 83.9844971, 427, 83.7875977, 428, 83.5906982, -1, 138, 415,
       84.5906982, 416, 84.3937988, 417, 84.1968994, 418, 84., 419,
       83.9844971, 420, 83.7875977, 421, 83.5906982, -1, 139, 409,
       84.3937988, 410, 84.1968994, 411, 84., 412, 84., 413, 83.9844971,
       414, 83.7875977, -1, 140, 402, 84.5906982, 403, 84.3937988, 404,
       84.1968994, 405, 84., 406, 83.9844971, 407, 83.7875977, 408,
       83.5906982, -1, 141, 395, 84.5906982, 396, 84.3937988, 397,
       84.1968994, 398, 84., 399, 84., 400, 83.9844971, 401, 83.7875977,
       -1, 142, 388, 84.5906982, 389, 84.3937988, 390, 84.1968994, 391,
       84., 392, 84., 393, 83.9844971, 394, 83.7875977, -1, 143, 382,
       84.5906982, 383, 84.3937988, 384, 84.1968994, 385, 84., 386,
       83.9844971, 387, 83.7875977, -1, 144, 375, 84.5906982, 376,
       84.3937988, 377, 84.1968994, 378, 84., 379, 84., 380, 83.9844971,
       381, 83.7875977, -1, 145, 368, 84.5906982, 369, 84.3937988, 370,
       84.1968994, 371, 84., 372, 84., 373, 83.9844971, 374, 83.7875977,
       -1, 146, 361, 84.7875977, 362, 84.5906982, 363, 84.3937988, 364,
       84.1968994, 365, 84., 366, 83.9844971, 367, 83.7875977, -1, 147,
       355, 84.5906982, 356, 84.3937988, 357, 84.1968994, 358, 84., 359,
       84., 360, 83.9844971, -1, 148, 348, 84.7875977, 349, 84.5906982,
       350, 84.3937988, 351, 84.1968994, 352, 84., 353, 83.9844971, 354,
       83.7875977, -1, 149, 341, 84.7875977, 342, 84.5906982, 343,
       84.3937988, 344, 84.1968994, 345, 84., 346, 84., 347, 83.9844971,
       -1, 150, 335, 84.5906982, 336, 84.3937988, 337, 84.1968994, 338,
       84., 339, 84., 340, 83.9844971, -1, 151, 328, 84.7875977, 329,
       84.5906982, 330, 84.3937988, 331, 84.1968994, 332, 84., 333,
       83.9844971, 334, 83.7875977, -1, 152, 321, 84.7875977, 322,
       84.5906982, 323, 84.3937988, 324, 84.1968994, 325, 84., 326, 84.,
       327, 83.9844971, -1, 153, 314, 84.7875977, 315, 84.5906982, 316,
       84.3937988, 317, 84.1968994, 318, 84., 319, 84., 320, 83.9844971,
       -1, 154, 308, 84.7875977, 309, 84.5906982, 310, 84.3937988, 311,
       84.1968994, 312, 84., 313, 83.9844971, -1, 155, 301, 84.7875977,
       302, 84.5906982, 303, 84.3937988, 304, 84.1968994, 305, 84., 306,
       84., 307, 83.9844971, -1, 156, 294, 84.9844971, 295, 84.7875977,
       296, 84.5906982, 297, 84.3937988, 298, 84.1968994, 299, 84., 300,
       83.9844971, -1, 157, 287, 85.362793, 288, 85.1658936, 289,
       84.9689941, 290, 84.7720947, 291, 84.5751953, 292, 84.3782959,
       293, 84.1813965, -1, 158, 281, 85.5441895, 282, 85.34729, 283,
       85.1503906, 284, 84.9534912, 285, 84.7565918, 286, 84.5596924, -1,
       159, 274, 85.9224854, 275, 85.7255859, 276, 85.5286865, 277,
       85.3317871, 278, 85.1348877, 279, 84.9379883, 280, 84.7410889, -1,
       160, 268, 86.1038818, 269, 85.9069824, 270, 85.710083, 271,
       85.5131836, 272, 85.3162842, 273, 85.1193848, -1, 161, 266,
       85.4976807, 267, 85.3007812, -1, 162, 265, 84.6945801, 266,
       84.4976807, -1, 163, 264, 83.8914795, 265, 83.6945801, -1, 164,
       263, 83.0883789, 264, 82.8914795, -1, 165, 262, 82.2852783, 263,
       82.0883789, -1, 166, 261, 81.8883667, 262, 81.2852783, -1, 167,
       260, 81.2852783, 261, 81.0883789, -1, 168, 259, 81.0914612, 260,
       80.4883728, -1, 169, 258, 80.897644, 259, 80.2945557, -1, 170,
       257, 80.7038269, 258, 80.1007385, -1, 171, 256, 80.5100098, 257,
       79.9069214, -1, 172, 255, 80.3161926, 256, 79.7131042, -1, 173,
       254, 80.1223755, 255, 79.5192871, -1, 174, 253, 79.9285583, 254,
       79.32547, -1, 175, 252, 79.7347412, 253, 79.1316528, -1, 176, 251,
       79.5409241, 252, 78.9378357, -1, 177, 250, 79.3471069, 251,
       78.7440186, -1, 178, 249, 79.1532898, 250, 78.5502014, -1, 179,
       248, 78.9594727, 249, 78.3563843, -1, 180, 247, 78.7656555, 248,
       78.1625671, -1, 181, 246, 78.5718384, 247, 77.96875, -1, 182, 245,
       78.3780212, 246, 77.7749329, -1, 183, 244, 78.1842041, 245,
       77.5811157, -1, 184, 244, 77.3872986, -1, 185, 243, 77.1934814,
       -1, 186, 242, 76.9996643, 243, 76.3965759, -1, 187, 241,
       76.9996643, 242, 76.3965759, -1, 188, 240, 77.1934814, 241,
       76.3965759, -1, 189, 239, 77.3872986, 240, 76.5903931, -1, 190,
       238, 77.5811157, 239, 76.7842102, -1, 191, 237, 77.7749329, 238,
       76.9780273, -1, 192, 236, 77.7965698, 237, 76.9996643, -1, 193,
       235, 77.7965698, 236, 76.9996643, -1, 194, 234, 77.7965698, 235,
       76.9996643, -1, 195, 233, 77.7965698, 234, 76.9996643, -1, 196,
       232, 77.7965698, 233, 76.9996643, -1, 197, 231, 77.7965698, 232,
       76.9996643, -1, 198, 230, 77.7965698, 231, 76.9996643, -1, 199,
       229, 77.7965698, 230, 76.9996643, -1, 200, 228, 77.990387, 229,
       77.1934814, -1, 201, 227, 78.1842041, 228, 77.3872986, -1, 202,
       226, 78.3780212, 227, 77.5811157, -1, 203, 225, 78.3996582, 226,
       77.7749329, -1, 204, 224, 78.3996582, 225, 77.7965698, -1, 205,
       223, 78.3996582, 224, 77.7965698, -1, 206, 222, 78.3996582, 223,
       77.7965698, -1, 207, 221, 78.3996582, 222, 77.7965698, -1, 208,
       220, 78.3996582, 221, 77.7965698, 511, 83.3937988, -1, 209, 219,
       78.3996582, 220, 77.7965698, 504, 83.3937988, 505, 83.5906982,
       506, 83.7875977, 507, 83.9844971, 508, 84., 509, 84., 510,
       84.1968994, -1, 210, 218, 78.5934753, 219, 77.7965698, 497,
       83.3937988, 498, 83.5906982, 499, 83.7875977, 500, 83.9844971,
       501, 84., 502, 84., 503, 84.1968994, -1, 211, 217, 78.7872925,
       218, 77.990387, 491, 83.5906982, 492, 83.7875977, 493, 83.9844971,
       494, 84., 495, 84., 496, 84.1968994, -1, 212, 216, 78.9811096,
       217, 78.1842041, 484, 83.3937988, 485, 83.5906982, 486,
       83.7875977, 487, 83.9844971, 488, 84., 489, 84.1968994, 490,
       84.3937988, -1, 213, 215, 79.1749268, 216, 78.3780212, 477,
       83.3937988, 478, 83.5906982, 479, 83.7875977, 480, 83.9844971,
       481, 84., 482, 84., 483, 84.1968994, -1, 214, 214, 79.1965637,
       215, 78.3996582, 471, 83.5906982, 472, 83.7875977, 473,
       83.9844971, 474, 84., 475, 84., 476, 84.1968994, -1, 215, 213,
       79.1965637, 214, 78.3996582, 464, 83.5906982, 465, 83.7875977,
